# Agglomerative Clustering

## Input

Enter number of points: 6

Enter points: P1 P2 P3 P4 P5 P6

Enter distance matrix

0.00 0.23 0.22 0.37 0.34 0.23

0.23 0.00 0.15 0.20 0.14 0.25

0.22 0.15 0.00 0.15 0.28 0.11

0.37 0.20 0.15 0.00 0.29 0.22

0.34 0.14 0.28 0.29 0.00 0.39

0.23 0.24 0.11 0.22 0.39 0.00

1\. Single Linkage       2. Complete Linkage     3. Average Linkage

Choose Method: 3

## Output


|   | P1 | P2 | P3 | P4 | P5 | P6 |
| - | - | - | - | - | - | - |
| P1 | 0.000 | 0.230 | 0.220 | 0.370 | 0.340 | 0.230 |
| P2 | 0.230 | 0.000 | 0.150 | 0.200 | 0.140 | 0.250 |
| P3 | 0.220 | 0.150 | 0.000 | 0.150 | 0.280 | 0.110 |
| P4 | 0.370 | 0.200 | 0.150 | 0.000 | 0.290 | 0.220 |
| P5 | 0.340 | 0.140 | 0.280 | 0.290 | 0.000 | 0.390 |
| P6 | 0.230 | 0.250 | 0.110 | 0.220 | 0.390 | 0.000 |

```
Min = 0.110
P3 - P6
```

---


|   | P1 | P2 | P3-P6 | P4 | P5 |
| - | - | - | - | - | - |
| P1 | 0.000 | 0.230 | 0.225 | 0.370 | 0.340 |
| P2 | 0.230 | 0.000 | 0.200 | 0.200 | 0.140 |
| P3-P6 | 0.225 | 0.200 | 0.000 | 0.185 | 0.335 |
| P4 | 0.370 | 0.200 | 0.185 | 0.000 | 0.290 |
| P5 | 0.340 | 0.140 | 0.335 | 0.290 | 0.000 |

```
Min = 0.140
P2 - P5
```

---


|   | P1 | P2-P5 | P3-P6 | P4 |
| - | - | - | - | - |
| P1 | 0.000 | 0.285 | 0.225 | 0.370 |
| P2-P5 | 0.285 | 0.000 | 0.268 | 0.245 |
| P3-P6 | 0.225 | 0.268 | 0.000 | 0.185 |
| P4 | 0.370 | 0.245 | 0.185 | 0.000 |

```
Min = 0.185
P3P6 - P4
```

---


|   | P1 | P2-P5 | P3-P6-P4 |
| - | - | - | - |
| P1 | 0.000 | 0.285 | 0.273 |
| P2-P5 | 0.285 | 0.000 | 0.260 |
| P3-P6-P4 | 0.273 | 0.260 | 0.000 |

```
Min = 0.260
P2P5 - P3P6P4
```

---


|   | P1 | P2-P5-P3-P6-P4 |
| - | - | - |
| P1 | 0.000 | 0.278 |
| P2-P5-P3-P6-P4 | 0.278 | 0.000 |

```
Min = 0.278
P1 - P2P5P3P6P4
```

## Dendrogram

![Dendrogram](/Agglomerative_Clustering/dendrogram.JPG "Dendrogram")
