# Euclidean Distance

## Input

```
Enter x coords
1 2 3 4 5 6 7 8 9
Enter y coords or press enter if 1D array
9 8 7 6 5 4 3 2 1
```

## Output

```
0.0 1.414 2.828 4.243 5.657 7.071 8.485 9.899 11.314
1.414 0.0 1.414 2.828 4.243 5.657 7.071 8.485 9.899
2.828 1.414 0.0 1.414 2.828 4.243 5.657 7.071 8.485
4.243 2.828 1.414 0.0 1.414 2.828 4.243 5.657 7.071
5.657 4.243 2.828 1.414 0.0 1.414 2.828 4.243 5.657
7.071 5.657 4.243 2.828 1.414 0.0 1.414 2.828 4.243
8.485 7.071 5.657 4.243 2.828 1.414 0.0 1.414 2.828
9.899 8.485 7.071 5.657 4.243 2.828 1.414 0.0 1.414
11.314 9.899 8.485 7.071 5.657 4.243 2.828 1.414 0.0
```